     10167    152818.000 0
    16754028    -24159.802    -86334.391    0
     7997982    -29511.560    -15122.372    0
     7997877    -12200.509   -101489.930    0
    16654101    -59831.032    -16924.822    0
    16654023    -81708.212    -84100.074    0
    16654064    -71144.656    -49249.177    0
    16654026    -69760.942    -79777.781    0
    16654094    -57785.756    -25432.599    0
    16654029    -70247.669    -87290.153    0
    16654139    -94839.009      3463.590    0
    16654115    -55670.445     -8379.784    0
    16654075    -59392.867    -40957.632    0
    16654013    -73234.129    -91623.486    0
    16654159    -59449.859     20096.769    0
    16654189    -69908.276     41679.749    0
    16654077    -47174.804    -41020.223    0
    16654014    -71704.385    -93338.283    0
    16654129    -70099.733     -2227.536    0
    16654168    -87863.554     27912.375    0
    16654037    -68666.483    -72429.024    0
    16654216    -61681.596     72127.195    0
    16654229    -86142.762     74388.256    0
    16654258    -90935.335    101750.868    0
    16654259    -63513.432    103129.555    0
    16754061     20086.234    -57849.823    0
    16754092      2676.296    -31094.528    0
    16754192    -11094.947     44473.207    0
    16754143    -38102.668      7507.900    0
    16754206    -32070.245     55246.901    0
    16754085    -10668.285    -36753.739    0
    16754153     -3541.376     13231.807    0
    16754042     19277.443    -68897.746    0
    16754098     12649.725    -36018.795    0
    16754228     -9092.954     73164.291    0
    16754055     -4662.367    -60831.005    0
    16754178    -37219.535     30423.613    0
    16754179     10465.831     30863.297    0
    16754064      4583.468    -57751.682    0
    16754109     26400.805    -22630.093    0
    16754065     19393.158    -57702.156    0
    16754014     20344.254    -95659.161    0
    16754089     17077.501    -40853.991    0
    16754118     -5709.216    -13148.571    0
    16754057      -509.940    -68039.521    0
    16754238    -33263.776     81294.259    0
    16754258    -11507.050     96923.210    0
    16854201     18466.977     51968.423    0
    16854192     43471.686     49044.619    0
    16854155     29561.925     12209.923    0
    16854113     35505.807    -13039.075    0
    16854167     50795.716     26983.247    0
    16854145     62060.107      6053.967    0
    16854235     20644.171     78729.047    0
    16854229     54266.487     69301.160    0
    16854244     61199.370     91116.957    0
    16854259     38404.510     95007.355    0
     7855231    -55454.207    -41036.481    0
     7855214    -58312.808    -54141.033    0
     7855234    -57834.296    -39605.969    0
     7855243    -59043.037    -25559.501    0
     7855223    -44215.718    -43272.728    0
     7855185    -80633.887    -80438.296    0
     7855176    -69756.540    -91126.124    0
     7755235     -3063.147    -29842.293    0
     7555193    110773.504    -55915.937    0
     7999952     66698.573    -15146.986    0
     7999951     91876.568    -24475.159    0
     7999950     66222.810    -73456.592    0
     7999949     25943.283    -83838.413    0
     7999948     28448.018   -100665.746    0
     7999947    106773.563    -87041.788    0
     7999426    -24853.961    -87320.996    0
     7999728    -68796.034    -61423.747    0
     7999725    -27889.828    -98765.987    0
     7999723    -11934.526    -64899.362    0
     7999719    -13359.855    -17594.675    0
     7999718     96137.928    -93648.694    0
     7999708     11595.188    -40428.896    0
     6999707     57694.416    -29128.153    0
     6999060     85770.215    -39614.244    0
     6999053     88836.688    -18107.858    0
     7998565    112968.864    -22708.941    0
     7998533   -111744.827    -29267.896    0
     7998532     49301.622    -84867.931    0
     7998531     -2746.656    -78540.013    0
     7998448    104018.897    -89979.987    0
     7998376    -65458.366   -107952.989    0
     7998373     67395.898    -10841.585    0
     7998270     35781.875    -97983.778    0
     7998225   -104303.292    -23813.359    0
     7998224   -112244.876    -24961.404    0
     7997985    -29593.745   -101264.037    0
     7997979    -82090.336   -102455.521    0
     7997978    -68062.339   -107068.405    0
     7997977    -97186.206    -72194.489    0
     7997862     41740.052    -39994.242    0
     7997861     39848.122    -63413.157    0
     7997860     70304.837    -66381.606    0
     7997859     75119.770    -61743.874    0
     7997858    100094.794    -63636.071    0
     7997857     78560.723    -88087.350    0
     7997856    103880.353   -103087.017    0
     7997855    -21163.046    -49830.330    0
     7997854     65542.154    -38272.501    0
     7997851     41278.228    -39657.740    0
     7997693    -95303.624    -14537.321    0
         -99
     10168    152818.000 0
    16754028    -90398.246    -84024.652    0
     7997982    -92396.974    -12833.292    0
     7997975     30678.148    -57093.043    0
     7997877    -78037.792    -99452.249    0
     7997852     76317.267   -104654.055    0
    16754061    -43561.334    -57223.759    0
    16754092    -59945.378    -29920.336    0
    16754192    -70967.188     46455.311    0
    16754143    -99806.520     10164.496    0
    16754206    -92015.670     58031.671    0
    16754085    -73983.095    -35113.358    0
    16754153    -64454.615     14734.471    0
    16754042    -44743.290    -68178.788    0
    16754098    -50172.241    -35187.491    0
    16754228    -67962.572     75396.117    0
    16754055    -68380.072    -59325.062    0
    16754178    -98772.743     33177.656    0
    16754179    -49619.865     31999.596    0
    16754064    -58780.351    -56597.371    0
    16754109    -35486.137    -22250.270    0
    16754065    -44209.749    -57055.968    0
    16754014    -45596.534    -94823.476    0
    16754089    -45724.104    -40161.169    0
    16754118    -67612.493    -11658.278    0
    16754057    -64328.105    -66643.421    0
    16754238    -92494.768     84439.926    0
    16754258    -70259.782     99587.957    0
    16854201    -40648.052     53026.868    0
    16854192    -15527.596     49219.816    0
    16854155    -31007.521     12582.025    0
    16854113    -26098.487    -12965.281    0
    16854167     -9018.722     26716.585    0
    16854145      1272.598      5280.679    0
    16854235    -37551.794     80015.197    0
    16854229     -3888.841     69351.596    0
    16854244      3613.415     91252.108    0
    16854259    -18922.184     95959.690    0
    16954183     23665.304     43232.499    0
    16954251     24736.474    100114.113    0
    16954204     47837.687     57264.719    0
    16954136     54740.069      5028.026    0
    16954138     24331.761      3759.026    0
    16954165     37410.335     25528.756    0
    16954236     65154.682     82250.415    0
    16954239     39949.502     82173.523    0
    16954178     61023.413     32447.971    0
    16954258     47361.770    103187.000    0
     7755235    -65532.602    -28473.868    0
     7555193     48427.801    -58392.820    0
     7455214     87533.605    -47804.924    0
     7455205     87899.525    -59085.042    0
     7455227    114548.204    -28970.451    0
     7999952      5072.732    -16127.469    0
     7999951     30606.373    -26362.511    0
     7999950      1354.468    -74349.732    0
     7999949    -38610.833    -83277.331    0
     7999948    -36612.312   -100062.483    0
     7999947     43016.574    -89243.679    0
     7999718     32044.114    -95449.773    0
     7999716    106430.284    -76244.481    0
     7999715    103806.960    -93276.886    0
     7999713     90359.044    -96350.645    0
     7999708    -51377.882    -39552.441    0
     6999707     -4794.466    -29833.533    0
     6999063     90957.087     -9621.218    0
     6999062     89014.290    -38396.181    0
     6999061     73691.100    -27268.543    0
     6999060     23699.888    -41268.945    0
     6999053     27672.375    -19889.888    0
     7998565     51866.788    -25292.364    0
     7998536     72440.130    -76755.252    0
     7998535     71222.579    -56547.081    0Z
     7998532    -15862.071    -85128.441    0
     7998531    -67173.801    -77009.102    0
     7998448     40177.540    -92076.414    0
     7998373      5770.606    -11843.155    0
     7998270    -29047.125    -97654.768    0
     7998269     58310.777    -68926.656    0
     7997985    -97258.490    -98655.064    0
     7997862    -20960.147    -40151.223    0
     7997861    -23968.397    -63463.752    0
     7997860      5836.470    -67443.718    0
     7997859     10883.005    -62995.887    0
     7997858     37307.040    -65754.040    0
     7997857     14744.364    -89305.281    0
     7997856     39407.210   -105077.768    0
     7997855    -86218.003    -47802.706    0
     7997854      2757.922    -39251.674    0
     7997853     73362.033    -40165.330    0
     7997851    -21400.911    -39793.678    0
     7997849     95228.815    -61128.986    0
     7997687     81931.130     -3037.232    0
         -99
